1.0 0.4 0.40044808 1.2 1.2011678 0.4 0.40044808 2.4 2.3997767 0.021632655 0.021583155 0.065323874 0.06481236 0.042066667 0.042128757 0.06159649 0.105523415 0.105166666 0.10520404 0.025665203 0.04397218 
2.0 0.8 0.8022808 2.4 2.395518 0.8 0.8022808 4.8 4.7956853 0.046666667 0.046879128 0.14380953 0.14340004 0.08862609 0.08931369 0.15881132 0.2569615 0.11078261 0.111324735 0.03308569 0.05358181 
3.0 1.2 1.2023178 3.6000001 3.6027167 1.2 1.2023178 7.2000003 7.2094235 0.07531915 0.07563772 0.24047035 0.24025838 0.14029092 0.14096397 0.30941504 0.4634881 0.116909094 0.11724352 0.042974308 0.064289205 
4.0 1.6 1.5995334 4.8 4.804456 1.6 1.5995334 9.6 9.607962 0.10782609 0.10859168 0.36276215 0.36413723 0.19779049 0.19763672 0.5419118 0.7474834 0.12361905 0.12355898 0.05644914 0.07779833 
5.0 2.0 2.000164 6.0 6.0099087 2.0 2.000164 12.0 12.035978 0.14444445 0.14515957 0.5222222 0.52420956 0.262 0.2635088 0.90428567 1.1586598 0.131 0.1317436 0.07535714 0.09626636 
6.0 2.4 2.4054415 7.2000003 7.1973553 2.4 2.4054294 14.400001 14.414184 0.18545455 0.18608715 0.73762244 0.7357812 0.33397895 0.3394235 1.4826478 1.7723926 0.13915789 0.14110725 0.102961645 0.12296171 
7.0 2.8 2.792395 8.400001 8.366929 2.8 2.792395 16.800001 16.763119 0.23116279 0.23165426 1.0415645 1.0326221 0.41502222 0.41904008 2.4457223 2.7112799 0.14822222 0.15006475 0.1455787 0.16174078 
8.0 3.2 3.2088976 9.6 9.612989 3.2 3.2088976 19.2 19.211426 0.28190476 0.28492504 1.495873 1.5334171 0.5067294 0.5158631 4.1690555 4.4155064 0.15835294 0.16076022 0.21713829 0.22983752 
9.0 3.6000001 3.608178 10.8 10.799327 3.6000001 3.608178 21.6 21.599358 0.3380488 0.3411768 2.23338 2.302031 0.6111 0.62417936 7.6752715 7.478278 0.16975 0.17299019 0.35533664 0.34622687 
10.0 4.0 3.9962223 12.0 11.989527 4.0 3.9962223 24.0 23.982153 0.39999998 0.40223724 3.6000001 3.7745974 0.73066664 0.7416417 17.013329 15.344192 0.18266666 0.18558569 0.70888865 0.6398171 
